%YAML:1.0
fx: 595.4
fy: 593.6
cx: 311.7
cy: 246.7
factor: 1000.f
